globallight
0.2 0.2 0.2
22.48 105.9 11.6
0 0 0
1
90

pointlight
1.2 1.2 1.2
6.29838 21.1815 12.1646
0 0 0
2
12

pointlight
1.2 1.2 1.2
21.1179 21.2522 -3.44975
0 0 0
2
12

pointlight
1.2 1.2 1.2
37.1549 21.1198 12.2333
0 0 0
2
12

pointlight
1.2 1.2 1.2
21.433 21.403 26.9891
0 0 0
2
12

pointlight
1.2 1.2 1.2
11.9735 25.9788 20.8956
0 0 0
2
12

pointlight
1.2 1.2 1.2
32.3097 25.6454 21.3739
0 0 0
2
12

pointlight
1.2 1.2 1.2
31.9515 25.5319 1.88864
0 0 0
2
12

pointlight
1.2 1.2 1.2
13.0604 23.3414 2.66326
0 0 0
2
14

pointlight
1.2 1.2 1.2
14.4838 47.5342 2.58893
0 0 0
2
12

pointlight
1.2 1.2 1.2
10.6603 48.0964 11.9064
0 0 0
2
12

pointlight
1.2 1.2 1.2
14.1751 47.7986 22.3198
0 0 0
2
12

pointlight
1.2 1.2 1.2
23.6588 47.4964 25.126
0 0 0
2
12

pointlight
1.2 1.2 1.2
33.1639 47.727 21.2613
0 0 0
2
12

pointlight
1.2 1.2 1.2
36.5067 47.8635 11.8977
0 0 0
2
12

pointlight
1.2 1.2 1.2
33.1896 48.0243 2.76701
0 0 0
2
12

pointlight
1.2 1.2 1.2
23.9744 47.8581 0.128253
0 0 0
2
12

pointlight
1.2 1.2 1.2
25.2343 63.5862 -3.42729
0 0 0
2
12

pointlight
1.2 1.2 1.2
13.3892 63.9011 1.47626
0 0 0
2
12

pointlight
1.2 1.2 1.2
8.29613 64.0918 12.0857
0 0 0
2
12

pointlight
1.2 1.2 1.2
12.7694 62.8841 22.0538
0 0 0
2
12

pointlight
1.2 1.2 1.2
24.1044 63.3424 27.021
0 0 0
2
12

pointlight
1.2 1.2 1.2
33.6867 63.0248 22.317
0 0 0
2
12

pointlight
1.2 1.2 1.2
36.8182 63.3386 12.363
0 0 0
2
12

pointlight
1.2 1.2 1.2
33.4097 63.7325 2.41641
0 0 0
2
12

pointlight
1.2 1.2 1.2
34.8855 27.0938 -10.3279
0 0 0
2
10

pointlight
1.2 1.2 1.2
45.6901 26.5408 -0.849852
0 0 0
2
10

pointlight
1.2 1.2 1.2
10.2487 27.6301 -9.7135
0 0 0
2
10

pointlight
1.2 1.2 1.2
-2.89818 28.2717 0.304105
0 0 0
2
10

pointlight
1.2 1.2 1.2
-1.16158 26.8904 22.1107
0 0 0
2
10

pointlight
1.2 1.2 1.2
11.274 26.6687 32.4244
0 0 0
2
10

pointlight
1.2 1.2 1.2
44.4673 9.41413 47.8912
0 0 0
2
10

pointlight
1.2 1.2 1.2
45.7914 26.3973 24.9595
0 0 0
2
10

pointlight
1.2 1.2 1.2
32.1923 26.1035 34.6826
0 0 0
2
10

pointlight
1.2 1.2 1.2
10.2592 5.19144 -8.44022
0 0 0
2
10

pointlight
1.2 1.2 1.2
45.5193 9.08526 -23.8522
0 0 0
2
10

pointlight
1.2 1.2 1.2
21.596 11.5408 -24.4937
0 0 0
2
10

pointlight
1.2 1.2 1.2
32.6814 11.7901 -20.3006
0 0 0
2
10

pointlight
1.2 1.2 1.2
11.0784 12.1037 -20.6527
0 0 0
2
10

